21121 = 0 0 406 215
21122 = 0 216 406 215
21123 = 407 0 406 215
21124 = 407 216 406 215
21125 = 0 432 406 215
21126 = 0 648 406 215
21127 = 407 432 406 215
21128 = 407 648 406 215
21129 = 814 0 406 215
21130 = 814 216 406 215
21131 = 1221 0 406 215
21132 = 814 432 406 215
21133 = 1221 216 406 215
21134 = 814 648 406 215
21135 = 1628 0 406 215
21136 = 1221 432 406 215
21137 = 1628 216 406 215
21138 = 1221 648 406 215
21139 = 1628 432 406 215
21140 = 1628 648 406 215
21141 = 0 864 406 215
21142 = 0 1080 406 215
21143 = 407 864 406 215
21144 = 0 1296 406 215
21145 = 407 1080 406 215
21146 = 0 1512 406 215
21147 = 814 864 406 215
21148 = 407 1296 406 215
21149 = 814 1080 406 215
21150 = 407 1512 406 215
21151 = 1221 864 406 215
